Generated T3 mesh - 4 times 16

85   1   1   1

1   1   1   1   0.000   0.000   0
2   0   0   1   0.375   0.000   0
3   0   0   1   0.750   0.000   0
4   0   0   1   1.125   0.000   0
5   0   0   1   1.500   0.000   0
6   0   0   1   1.875   0.000   0
7   0   0   1   2.250   0.000   0
8   0   0   1   2.625   0.000   0
9   0   0   1   3.000   0.000   0
10   0   0   1   3.375   0.000   0
11   0   0   1   3.750   0.000   0
12   0   0   1   4.125   0.000   0
13   0   0   1   4.500   0.000   0
14   0   0   1   4.875   0.000   0
15   0   0   1   5.250   0.000   0
16   0   0   1   5.625   0.000   0
17   0   0   1   6.000   0.000   0
18   1   1   1   0.000   0.250   0
19   0   0   1   0.375   0.250   0
20   0   0   1   0.750   0.250   0
21   0   0   1   1.125   0.250   0
22   0   0   1   1.500   0.250   0
23   0   0   1   1.875   0.250   0
24   0   0   1   2.250   0.250   0
25   0   0   1   2.625   0.250   0
26   0   0   1   3.000   0.250   0
27   0   0   1   3.375   0.250   0
28   0   0   1   3.750   0.250   0
29   0   0   1   4.125   0.250   0
30   0   0   1   4.500   0.250   0
31   0   0   1   4.875   0.250   0
32   0   0   1   5.250   0.250   0
33   0   0   1   5.625   0.250   0
34   0   0   1   6.000   0.250   0
35   1   1   1   0.000   0.500   0
36   0   0   1   0.375   0.500   0
37   0   0   1   0.750   0.500   0
38   0   0   1   1.125   0.500   0
39   0   0   1   1.500   0.500   0
40   0   0   1   1.875   0.500   0
41   0   0   1   2.250   0.500   0
42   0   0   1   2.625   0.500   0
43   0   0   1   3.000   0.500   0
44   0   0   1   3.375   0.500   0
45   0   0   1   3.750   0.500   0
46   0   0   1   4.125   0.500   0
47   0   0   1   4.500   0.500   0
48   0   0   1   4.875   0.500   0
49   0   0   1   5.250   0.500   0
50   0   0   1   5.625   0.500   0
51   0   0   1   6.000   0.500   0
52   1   1   1   0.000   0.750   0
53   0   0   1   0.375   0.750   0
54   0   0   1   0.750   0.750   0
55   0   0   1   1.125   0.750   0
56   0   0   1   1.500   0.750   0
57   0   0   1   1.875   0.750   0
58   0   0   1   2.250   0.750   0
59   0   0   1   2.625   0.750   0
60   0   0   1   3.000   0.750   0
61   0   0   1   3.375   0.750   0
62   0   0   1   3.750   0.750   0
63   0   0   1   4.125   0.750   0
64   0   0   1   4.500   0.750   0
65   0   0   1   4.875   0.750   0
66   0   0   1   5.250   0.750   0
67   0   0   1   5.625   0.750   0
68   0   0   1   6.000   0.750   0
69   1   1   1   0.000   1.000   0
70   0   0   1   0.375   1.000   0
71   0   0   1   0.750   1.000   0
72   0   0   1   1.125   1.000   0
73   0   0   1   1.500   1.000   0
74   0   0   1   1.875   1.000   0
75   0   0   1   2.250   1.000   0
76   0   0   1   2.625   1.000   0
77   0   0   1   3.000   1.000   0
78   0   0   1   3.375   1.000   0
79   0   0   1   3.750   1.000   0
80   0   0   1   4.125   1.000   0
81   0   0   1   4.500   1.000   0
82   0   0   1   4.875   1.000   0
83   0   0   1   5.250   1.000   0
84   0   0   1   5.625   1.000   0
85   0   0   1   6.000   1.000   0

1   1
85   2   -1

3   128   1
1   1e3   0.3
1   1   2   18   1
2   2   19   18   1
3   2   3   19   1
4   3   20   19   1
5   3   4   20   1
6   4   21   20   1
7   4   5   21   1
8   5   22   21   1
9   5   6   22   1
10   6   23   22   1
11   6   7   23   1
12   7   24   23   1
13   7   8   24   1
14   8   25   24   1
15   8   9   25   1
16   9   26   25   1
17   9   10   26   1
18   10   27   26   1
19   10   11   27   1
20   11   28   27   1
21   11   12   28   1
22   12   29   28   1
23   12   13   29   1
24   13   30   29   1
25   13   14   30   1
26   14   31   30   1
27   14   15   31   1
28   15   32   31   1
29   15   16   32   1
30   16   33   32   1
31   16   17   33   1
32   17   34   33   1
33   18   19   35   1
34   19   36   35   1
35   19   20   36   1
36   20   37   36   1
37   20   21   37   1
38   21   38   37   1
39   21   22   38   1
40   22   39   38   1
41   22   23   39   1
42   23   40   39   1
43   23   24   40   1
44   24   41   40   1
45   24   25   41   1
46   25   42   41   1
47   25   26   42   1
48   26   43   42   1
49   26   27   43   1
50   27   44   43   1
51   27   28   44   1
52   28   45   44   1
53   28   29   45   1
54   29   46   45   1
55   29   30   46   1
56   30   47   46   1
57   30   31   47   1
58   31   48   47   1
59   31   32   48   1
60   32   49   48   1
61   32   33   49   1
62   33   50   49   1
63   33   34   50   1
64   34   51   50   1
65   35   36   52   1
66   36   53   52   1
67   36   37   53   1
68   37   54   53   1
69   37   38   54   1
70   38   55   54   1
71   38   39   55   1
72   39   56   55   1
73   39   40   56   1
74   40   57   56   1
75   40   41   57   1
76   41   58   57   1
77   41   42   58   1
78   42   59   58   1
79   42   43   59   1
80   43   60   59   1
81   43   44   60   1
82   44   61   60   1
83   44   45   61   1
84   45   62   61   1
85   45   46   62   1
86   46   63   62   1
87   46   47   63   1
88   47   64   63   1
89   47   48   64   1
90   48   65   64   1
91   48   49   65   1
92   49   66   65   1
93   49   50   66   1
94   50   67   66   1
95   50   51   67   1
96   51   68   67   1
97   52   53   69   1
98   53   70   69   1
99   53   54   70   1
100   54   71   70   1
101   54   55   71   1
102   55   72   71   1
103   55   56   72   1
104   56   73   72   1
105   56   57   73   1
106   57   74   73   1
107   57   58   74   1
108   58   75   74   1
109   58   59   75   1
110   59   76   75   1
111   59   60   76   1
112   60   77   76   1
113   60   61   77   1
114   61   78   77   1
115   61   62   78   1
116   62   79   78   1
117   62   63   79   1
118   63   80   79   1
119   63   64   80   1
120   64   81   80   1
121   64   65   81   1
122   65   82   81   1
123   65   66   82   1
124   66   83   82   1
125   66   67   83   1
126   67   84   83   1
127   67   68   84   1
128   68   85   84   1