Generated T3 mesh - 1 times 4

10   1   1   1

1   1   1   1   0.000   0.000   0
2   0   0   1   1.500   0.000   0
3   0   0   1   3.000   0.000   0
4   0   0   1   4.500   0.000   0
5   0   0   1   6.000   0.000   0
6   1   1   1   0.000   1.000   0
7   0   0   1   1.500   1.000   0
8   0   0   1   3.000   1.000   0
9   0   0   1   4.500   1.000   0
10   0   0   1   6.000   1.000   0

1   1
10   2   -1

3   8   1
1   1e3   0.3
1   1   2   6   1
2   2   7   6   1
3   2   3   7   1
4   3   8   7   1
5   3   4   8   1
6   4   9   8   1
7   4   5   9   1
8   5   10   9   1